0	1	1	0
1	2	eps	1
2

0	3	2	0
3	4	eps	2
4

0	5	3	0
5	6	eps	3
6

0	7	4	0
7	8	eps	4
8

0	9	5	0
9	10	eps	5
10

0	11	6	0
11	12	eps	6
12

0	13	7	0
13	14	eps	7
14

0	15	8	0
15	16	eps	8
16

0	17	9	0
17	18	eps	9
18

0	19	0	0
19	20	eps	0
20

0	21	0	0
0	21	1	1
0	21	2	2
0	21	3	3
0	21	4	4
0	21	5	5
0	21	6	6
0	21	7	7
0	21	8	8
0	21	9	9

21	22	0	0
21	22	1	1
21	22	2	2
21	22	3	3
21	22	4	4
21	22	5	5
21	22	6	6
21	22	7	7
21	22	8	8
21	22	9	9


22	22	0	0
22	22	1	1
22	22	2	2
22	22	3	3
22	22	4	4
22	22	5	5
22	22	6	6
22	22	7	7
22	22	8	8
22	22	9	9

22
