0   1   0   0
1   2   eps 0
2   3   eps 0
3   4   eps 0
4

0   5   1   0
5   6   eps 1

6   7   0   0
6   7   1   1
6   7   2   2
6   7   3   3
6   7   4   4
6   7   5   5
6   7   6   6
6   7   7   7
6   7   8   8
6   7   9   9

7   8   0   0
7   8   1   1
7   8   2   2
7   8   3   3
7   8   4   4
7   8   5   5
7   8   6   6
7   8   7   7
7   8   8   8
7   8   9   9
8

5   9   eps 0
9   7   eps 1
9   10  eps 0
10  11  eps 1
11

0   12  2   0
12  6   eps 2
12  13  eps 0
13  7   eps 2
13  14  eps 0
14  15  eps 2
15

0   16  3   0
16  6   eps 3
16  17  eps 0
17  7   eps 3
17  18  eps 0
18  19  eps 3
19

0   20  4   0
20  6   eps 4
20  21  eps 0
21  7   eps 4
21  22  eps 0
22  23  eps 4
23

0   24  5   0
24  6   eps 5
24  25  eps 0
25  7   eps 5
25  26  eps 0
26  27  eps 5
27

0   28  6   0
28  6   eps 6
28  29  eps 0
29  7   eps 6
29  30  eps 0
30  31  eps 6
31

0   32  7   0
32  6   eps 7
32  33  eps 0
33  7   eps 7
33  34  eps 0
34  35  eps 7
35

0   36  8   0
36  6   eps 8
36  37  eps 0
37  7   eps 8
37  38  eps 0
38  39  eps 8
39

0   40  9   0
40  6   eps 9
40  41  eps 0
41  7   eps 9
41  42  eps 0
42  43  eps 9
43

0   44  1   1
0   44  2   2
0   44  3   3
0   44  4   4
0   44  5   5
0   44  6   6
0   44  7   7
0   44  8   8
0   44  9   9

44  45  0   0
44  45  1   1
44  45  2   2
44  45  3   3
44  45  4   4
44  45  5   5
44  45  6   6
44  45  7   7
44  45  8   8
44  45  9   9

45  46  0   0
45  46  1   1
45  46  2   2
45  46  3   3
45  46  4   4
45  46  5   5
45  46  6   6
45  46  7   7
45  46  8   8
45  46  9   9

46  47  0   0
46  47  1   1
46  47  2   2
46  47  3   3
46  47  4   4
46  47  5   5
46  47  6   6
46  47  7   7
46  47  8   8
46  47  9   9

47  47  0   0
47  47  1   1
47  47  2   2
47  47  3   3
47  47  4   4
47  47  5   5
47  47  6   6
47  47  7   7
47  47  8   8
47  47  9   9
47
